results = [
0 12 216 5.0218e-07
1 14 248 5.5444e-07
2 15 266 5.7505e-07
3 13 230 5.2474e-07
4 8 144 4.0684e-07
5 1 18 2.164e-07
6 7 126 3.7588e-07
7 6 108 3.4163e-07
8 5 90 3.0636e-07
9 4 76 2.7674e-07
10 11 202 4.8961e-07
11 15 266 5.7035e-07
12 17 314 6.1353e-07
13 12 224 4.9817e-07
14 9 166 4.3764e-07
15 10 188 4.6253e-07
16 12 232 5.1137e-07
17 12 232 5.1231e-07
18 12 232 5.0786e-07
19 12 244 5.0816e-07
20 3 62 2.5685e-07
21 16 292 5.9132e-07
22 11 210 4.8778e-07
23 13 234 5.3023e-07
24 2 32 2.3384e-07
25 16 276 5.8906e-07
26 10 172 4.5836e-07
] ; resid = 7.10543e-15 ;
lnz = 113 ;
t = 8.6769e-07 ;   % dense solve time
